[SPEEDO]
Name = 
RPMBgXpos = 0.910001
RPMBgYpos = 0.763999
RPMBgSize = 0.300000
RPMDialXpos = 0.910999
RPMDialYpos = 0.765000
RPMDialSize = 0.018000
TurboBgXpos = 0.790000
TurboBgYpos = 0.859999
TurboBgSize = 0.150001
TurboDialXpos = 0.801000
TurboDialYpos = 0.806000
TurboDialSize = 0.009000
RPMNumXpos = 0.979999
RPMNumYpos = 0.750000
RPMNumSize = 0.300000
TurboNumXpos = 0.795000
TurboNumYpos = 0.863000
TurboNumSize = 0.078000
SpeedXpos = 0.901992
SpeedYpos = 0.846993
SpeedSize = 0.017000
UnitXpos = 0.960001
UnitYpos = 0.819002
UnitSize = 0.045000
GearXpos = 0.968000
GearYpos = 0.754003
GearSize = 0.027000
