[SPEEDO]
Name = NFS Underground
RPMBgXpos = 0.910001
RPMBgYpos = 0.763999
RPMBgSize = 0.300000
RPMDialXpos = 0.910999
RPMDialYpos = 0.765000
RPMDialSize = 0.019000
TurboBgXpos = 0.790000
TurboBgYpos = 0.859999
TurboBgSize = 0.150001
TurboDialXpos = 0.801000
TurboDialYpos = 0.805000
TurboDialSize = 0.017000
RPMNumXpos = 0.979999
RPMNumYpos = 0.750000
RPMNumSize = 0.300000
TurboNumXpos = 0.795000
TurboNumYpos = 0.861000
TurboNumSize = 0.076000
SpeedXpos = 0.894992
SpeedYpos = 0.850993
SpeedSize = 0.017000
UnitXpos = 0.955001
UnitYpos = 0.817002
UnitSize = 0.059000
GearXpos = 0.968000
GearYpos = 0.754003
GearSize = 0.027000
RPMRedXpos = 0.959000
RPMRedYpos = 0.666004
RPMRedSize = 0.067009
TurboTextXpos = 0.833002
TurboTextYpos = 0.861002
TurboTextSize = 0.054010
TurboRed0Xpos = 0.777003
TurboRed0Ypos = 0.853002
TurboRed0Size = 0.035000
TurboRed1Xpos = 0.815002
TurboRed1Ypos = 0.750003
TurboRed1Size = 0.035000
SpeedoXpos = -0.005000
SpeedoYpos = 0.090000
SpeedoSize = 1.000000
FPVHide = false
FadeSpeed = 0.050000
NOSTextXpos = 0.912002
NOSTextYpos = 0.762004
NOSTextSize = 0.074000
NOS0Xpos = 0.930001
NOS0Ypos = 0.727004
NOS0Size = 0.039000
NOS1Xpos = 0.914001
NOS1Ypos = 0.711003
NOS1Size = 0.039000
NOS2Xpos = 0.893001
NOS2Ypos = 0.716004
NOS2Size = 0.039000
NOS3Xpos = 0.882002
NOS3Ypos = 0.738003
NOS3Size = 0.039000
NOS4Xpos = 0.881001
NOS4Ypos = 0.773003
NOS4Size = 0.039000
NOS5Xpos = 0.889001
NOS5Ypos = 0.799002
NOS5Size = 0.039000
