[SPEEDO]
Name = 
RPMBgXpos = 0.132998
RPMBgYpos = 0.097995
RPMBgSize = 0.300000
RPMDialXpos = 0.133996
RPMDialYpos = 0.098996
RPMDialSize = 0.019000
TurboBgXpos = 0.012997
TurboBgYpos = 0.193995
TurboBgSize = 0.150001
TurboDialXpos = 0.023997
TurboDialYpos = 0.138996
TurboDialSize = 0.017000
RPMNumXpos = 0.202996
RPMNumYpos = 0.083996
RPMNumSize = 0.300000
TurboNumXpos = 0.017997
TurboNumYpos = 0.194996
TurboNumSize = 0.076000
SpeedXpos = 0.117989
SpeedYpos = 0.184989
SpeedSize = 0.017000
UnitXpos = 0.177998
UnitYpos = 0.150998
UnitSize = 0.059000
GearXpos = 0.190997
GearYpos = 0.087999
GearSize = 0.027000
RPMRedXpos = 0.181997
RPMRedYpos = 0.000000
RPMRedSize = 0.067009
TurboTextXpos = 0.055999
TurboTextYpos = 0.194998
TurboTextSize = 0.054010
TurboRed0Xpos = 0.000000
TurboRed0Ypos = 0.186998
TurboRed0Size = 0.035000
TurboRed1Xpos = 0.037999
TurboRed1Ypos = 0.083999
TurboRed1Size = 0.035000
SpeedoXpos = 0.774999
SpeedoYpos = 0.769999
SpeedoSize = 1.000000
FPVHide = false
FadeSpeed = 0.050000
NOSTextXpos = 0.134999
NOSTextYpos = 0.096000
NOSTextSize = 0.074000
NOS0Xpos = 0.151998
NOS0Ypos = 0.060000
NOS0Size = 0.036000
NOS1Xpos = 0.136998
NOS1Ypos = 0.045999
NOS1Size = 0.036000
NOS2Xpos = 0.115998
NOS2Ypos = 0.052000
NOS2Size = 0.036000
NOS3Xpos = 0.105999
NOS3Ypos = 0.073999
NOS3Size = 0.036000
NOS4Xpos = 0.104998
NOS4Ypos = 0.106999
NOS4Size = 0.036000
NOS5Xpos = 0.111998
NOS5Ypos = 0.130998
NOS5Size = 0.036000
Enable = true
